$ANSIBLE_VAULT;1.1;AES256
30333164663263363637373163343930653434653961323633393062613935376539323333336435
3064316331396235303664373864656461643364663361300a376565626139613865343538316535
36613264323861353533333434666566623134353739306133303138316435373462363565386266
3163343065336263610a653039633931623233633062356436396663333637623337343763393235
66663133303732353138306338656337393630653661383862643666336133646133373266303731
33613865383639386236363935333139336633386565316163613732353639373232313164653735
64393835366263366230353266313535373035656237396135306631323531326632356436363736
31356135376331336435393834313965623632386334343866343834323565333361666431313639
62366563343030623831313736326233333435626165653863386239393336643634353565313666
65623431646539613039663832313034306335333662383731363535343761373062633235656462
31323064643361653563633932313830643637613165393835366166343065373464646230636438
62323030396163306435623162316565626135323731356530643565373235373435303331666330
64366335633132396561613232643764383464663239313361393565316635646535633563666337
62386637353737383466633538326634383336386534333639613363633663383664333263636161
31663237633536333333356635646265373033393536623161626239346539623338343538636132
39353639343732343632656561306137396539613430666565373663633431633638633234346561
65386462323663323336316336303566323630336566636338643835663534363131613334663734
64636662396134613164396663616134306130343463633861613536623333376636636435326538
37353338363033636263616535626433323835653635336164333061336465613239396539366563
30616130383036313466383564396665376636656463333736613566363766356231346238333031
35393435613239343033303034386162343566613230646637353232316239316239363263343264
34313037636561353563376338323632376134336563353930353436646266363834316436306665
36376561373333313563333830623730336535333164393763343432373533663037643863343739
62303662376463343034613763366238323938313462643335373332376131316665646663386332
33396434366234323431373831623430636439393733346535636633613336656136646462383533
66643732363466363665306238353964393633303037636235366565666532336139373433356234
63383032333266633565643832303138366130623466633666656533313536336262646662666366
39653236313661666164336233333033313165333131613633386463373531396232663566336364
63653032653337326163663662383034653231346537393430323837393865636364616662623038
63643533363534306163613636656465336436373630343833363638353439356466623136336239
38336434643037383561326666363636643465393238393265643338633563306361333636646536
36616438633032353763356130326166326537666462623030636338383666616166623431633339
32613432333538323665303462333036333434643839623763373231653832323663623262643533
33373332653334303431383261663539623262336164326630393161613164396437663064373665
35616235613038376431633366383133333433636630313136383163343466636536636565393332
34666230393337366239396366636464643062373930386361393936303533656232353035376234
38663638353137313838623364643061313031386233363031613962396331636231656564613063
31356230626135336332663731623261353863333132653736666531303264663637353962646661
65323839393862356536336439616334633264636331363633313539636131316631616362353833
37643739383264366434393864376664616261396130643736366366616335613431306539653831
35306333346261646561343636373838656437393235613231333734326634623566356432323661
37626635313339306233376663666439346530376439316237383533646663623330326465303131
35346262343066666361323233356539383961396637346566373737316238393939386235623236
32313239386666396633656466373861326435356637373566326362663535636634313137333333
64396565323465643931343738653732366636386630643332333930356234336534396532306361
38643334363131653237656433356465326464353263613964636530646631633464353066663061
65343632306634326139316233666534663863393633636663376566646338316535343039366536
38346437616639643963366662396662653934316335353035333866323861353133353036313362
63376162333664653632353432383965373131653364666462633031366239323566306333313161
61313530353433613738393332383133653139383831306530303134363061386161626537353137
38346534343562363037363865366434303436636532663266376338363037383338316461366161
39613937363063393531373432316166363363366537333437316136326632613865653433363231
39326662363038636661353032626463666561353131396436663730626663366337343335366634
61386362626161626539343733333034383163616536633035343562396230373561306432386634
63383965643765633562373563323764636161346265623837376238636365303963626461353636
64616162663836376464643538363033333065663236396633393934383939363437653031396162
33306261663466653364363433396133636436656633383066643965383132353062323832666131
31656365616330353063623135363434356562396663613863323232316666323938386538336463
36306336626563626431313361303331643631633734303861643136313935653663373433656663
35316265663765383735336531636438653037663664396565396533306135326230623237343163
37353233646231386233613061633736393366643665313664376531316536623165613166306336
33336465346363306337386136653066383961633430376133623964613765363130343831303033
62396636383061383963653666366138666565643137333530336163623432323963616566323036
62626663656337303836666465666235623666396162623262636362666261633565646161343366
31643536383930373464323032373838313562663332613766656330626238643235383630373762
37376233663465303765313965366165356463343961663535396466373065313930373838323533
65333835393566373037663530313230393435336163333564313130666566393630363661373364
33373263393537646166643061316234336162303761303038663733333466353537383162333166
61613162346562323636303032653465373664396362383637643664346135653731383038353336
61303264366532386566356339386665396533373734383064363762356664663265306337613333
62633765666232346561643866623934626566353365353161623563626239386533303232663035
36623737633030386238336335346536373863316638633333623434333964656138343336313461
34316139306437646636663964363765353237336263663864356138613666326665333766313539
66636438643763636232623338386536333663636366386131656433316332343564653666333966
31653531386364373831633132356130613730653665353037366562373337653538393933363630
63323232633061396439633432653234383136633564323134323966313733376266643931316333
36636338366139393732396430623362626132306662333364616565316566663165346461333166
38616635306535353033663836383637613862656231616632666638336338663461616231343461
65346561663030643736643966613031333762313764626337393564393733616638353537663966
61613731663964303335303836373638333735323035643961326236663439376133343630393630
38353833663137303136323331353062613238363265306262356366343939383439326166323739
62383031346561393266343139663366643061393564663362366164646665383330306530636337
62366366646138623363333339393234336133353861316635383836646163373833353361616132
36346530373862643462346266653765366662346366633334653332646163393639373365666335
33376564343630613139336361663534343833386434663939653038373661336566323661316334
31636130383031633265653664666530643131653066613463333432363637353461323361646237
30636265373937376664303730366339623130356230353030653863366538323136313539386538
64613634313035316461616533363732333936313731633163346638313861623837636630636136
36326634663739623437356632633966653437306335366638636336303765643261396661343633
31303939373235663161366163626639666366636137333364323762666165653534306536353831
36623230316138663635376135356337363636346438363432316234323439396333623966653463
61333630636239353735396166663437633939623631396431653135306133346631363631656333
62383332616134663339346262346361626462343434383761616164353437313331363133346137
62366135666564613166356166646565623334613737373466663365336332303836616634356365
66383466643735306630373064633530643865336636623365366239303762373636313534613161
63666335613866343133653033333934303232623961323133643531633733623933383664326632
30393935303365316664356332386533313963346332343235316564346432643662303735313134
39316462343365393034343034333435386164343366396161313033383033346338326230366338
31643964303666313533303361623965343966333535613766626536616666386636303639376434
37376461653035373634363330353162626338393236333538343261656666396239633332316135
39636235636465376334323632666131653332316539323263393736636239636539356330386138
62383039376537313266623831396339323864356565663733613636383333353437323733396266
35336165393461343635636634343139386564653031346366653235323936323266633464336461
35616339326334343061383163376562366634386638616436666464666566383932383331393139
30383438613733303563373937306637383631303539663335653666663866383030376163336336
31356537663166663363363438346239626162336531633334656364303562666463306164643465
36333761343635303737353234383136623433313832306133613161393532373265653033333230
65653564636533333165316235623931613137663364303239333663346238343335346334646537
66303831396466346132303733383130643235656232663666386538316464313032303739323835
64386536313831323435616166623137343937393633303566303934326166666563356630353663
63653838356335313063623938346461656434396332616639396561613464656365353433633634
61343530396539653132646534656439303936613738336535303764636235633134303537643265
31663831396562336538306130346466343636656364653661336436356230613733363533613736
66336636663635303361386664653735346439353431346334313264393131633633643561353830
36653330653933653632363130303165393365666330353761343732346532346531626232333465
63323735646637356663653635383530393434393834356636323666633839333737623934326465
61333837356235616133646537653163346436383732646366666662343539303536323830326366
62396562336338353736623664613638616437663261333630373833393262306634623538633164
66353862323162653366653862383032643439646162346237386263613261633534653630633935
33386662396338383865653331373935313664386636623031306331383934323064346565343835
38643966376433646464363738366339633230663630343666363562336465343066326132303831
62643636353333383031333839343161303731336136373530663033396262623837646130616135
34666233313330643965313366386435313830663761663831613539396631633032386435386535
37376366353534643262346430303632613532303563346233383131343661393966373835363439
37396135343831373664393566376139336366613435633030643835373831333164386536623235
64643938626639653338326364613262663836303762383732313365663033343261373063663330
34643464643661343838343533613430393536333530613164346635666665333231366266353961
66363662653134636235396362316265646637666361653330623662663863326139393537366561
36376638343065666332343362346633343435613431396461323133346263393662363031643738
37363265616532633462613933633464363666383261623938643331363832373032323166323238
34646132613736356661303863373265303132663137653330643330313665323465313137633739
31653139316162663163663561626634383039373539656235316566396230393762616535393535
63636364646633386466656337353030303133363664393866343236343563653465333464386530
63323038643939376461373630383061633533346239666266623066386532363734313761663862
62353932343165363131363636313332353839626261666639366338386335663164636365666235
61386632636361336465336433353332663836366164393332303732363336383661363137343730
39323564386632306564326434333165663831623135333236393932363666393661373735313438
62646139663563663064336261643861383564376639363039623731653438643439306232323132
33303038626264623164333166613066613965356133343638616261653731303030653665303634
32303735363335613163343633623462646531333165316437646538653634633165616463333335
37653236353636393730386566663630343539353535666236336635396262316432306537643466
65656334386163396437363435353061393237356663653466396164646537656439366563656332
63323739393437643761643535306338363338643361623231353961663438333836653734643765
64303066666438303663653165656435666263373835663130616130346464343130323636313264
64336462373338373838393239613936646331613837383435373964393230383638346431316334
61613237383238386432303634356365623732613634343737643065353664303566366261386139
61376132366436643438363134396434383139376437356233373030343266663630386633353235
32636635326436633865643563623636656434666236383837393038653636366161343036613435
33316135376132393537356139666136633534623939396137363664366664623638343265633239
34353831323934303738356136376266356530633366643363343734326233303334336264383032
64383833613732323339383131643639313739316437306161633432616364333839653131313738
37366666666535386634356130386461646635316437303361396338656631663633303938303866
39636266616461666663336337363563353235316661633038363864303936346466333866303663
39646536343763376237366539643137333863656361616435363630623965306133653239376363
37666533663164643633633939363537303431653933323036366663663866336535373464376463
35373864383862303639663565313164646636666437323830316463343531623265346431323163
30303833666565393562366130643830353666396539326531613961353632343235383033663339
32333532383564323535346135313165643735356238383535613734613763383364323062383736
66366431383661633166613039383536623130306364663837336430356433376164653734303337
63643463313233313164363133306365643035396636623362353337373261356537643966626534
35346539666235356333613361313864373663663164653836346364353863363264626437653031
34643235333733303163313764363336353863363937353838383436343465613630343435633031
35663164393133663464623065646234383330656135623035613939313034303165356532623963
32663635393138646263653036393032343039633665363639393335386465333366303535373139
35373836613936616665653265323862633964303835393633623531636462343939623639343838
65653433323861623665386662393430613165313738646237316632303136313866313061353862
66316336323666343863376236623666353539643262656432313934303365623334613835393565
65333931643934663338616637313830383561613339323363616330346633653838653435306439
62653836326365643462363634373831313837323365626638326461663737343538623432333266
31363639323766303936653361626535633432663961613063653565356663343566383033356438
66613461353463303936646537656131373734613031393761303261356239663632636636313735
34356535303764373964363930656266306331343062303262313935643063396438666536643533
36386133396432356265303236343431333734393737386333633663306336313934306163386166
34316138323063346565613334613836383434626664633464316465623463663831656433633639
34343533373061633361353731616366323565303836303465303965363935653763366534326136
62323336363962333432366233323733643037386361383930313534613663303432323036393139
66313432346266626239623262653835313965306533623963303937613336386161653330616265
33656430363635353432393439616164343433323235396135333232353935326630313434373937
38353363653531653264393866343762303737346235643630316336613237656465343364316432
65353662613930353462633931373534663532656364636133636339386264363665316630333535
64616434326663303133326539313132363332623333366138323561646233366163613362653863
62646434323432383439666265613635633462313438396638303839656464396434356131366564
37366332663737383738393063326537336234336135626239653963623465626633356634336331
32336238336433373239393062643535353031306335376230316231303539643562386663623135
36643362313531323366393064626634333333373535653366313539656438346432386235356233
61366561333035346531353135316130333635303534336161303461646564326430373331303466
33313763306431336562306437636162316664623938356130353062333136343130363266643361
66383633326265646339633762323364626361663131373365626164656539393266616538653035
30386335633764663839316135646365633432353831646361656439323935336237383531346263
61383031386638636134633535343639633065353365623139653462356162346464633738643137
66363266613863303430376661386334636532636465666363326364666134346663376164313236
61646131616661393131323736316465333032393838343932323838616234393036326637626335
33666466383766313631366633613939313337306664396339393932356262633530373565376130
32303037396236396566393761366239376664343964396666646164303465633936396130313539
66373539363033306437666638306432633336353630656438363834343263633864313530393964
65313961653938393163393761613933633836393336333336373134633062613532343161383831
65373832386163623035663534656165616635393932333338386230656337346464316331623830
33633665633238356136306636353234366564666434643134336233303031333062306135313063
62373661633836393062653030396136633637376663666163623835653863306165373837633561
66326332643565333831653361323939306133623730333964643062393832336137336639613431
34313762336266663431666137353764343466323532386361633737373161633136623961343331
65326330373337623763643232666665323462653130616538303139386561613066313335343531
65346132663833613434306530663563323833393931666365346462373061363634356664653337
65316465343762383439643161363834623134326164306566613364353331373935306538373531
31616432653561303630353166626635626634613864643330646636353634333263643264383539
66633862616135373735376539646234366663376532333933656637626138663566363863646434
36393163386238633139303936313766646132313836626237323932313563623630386132353162
66343364313439366266633465323763363362653336306639336339353061643139363637643238
33323334666564383339626332356662303635636565333666636134656463626135623930373061
64316561373166356261616239313464323730653164303932393434316439663930653866346230
32636238626261323937346438356265363630653164626261643838633732663137633937623932
30613765636633303163346331623530356665383164316330323831643532653738663934363733
38353630343063343234353035636336396662616132323836303834353837396562363939363135
65393736643832613466613436623232346130353231386436646230316433663861303761663932
65396631643637346435656138383732653638663135383562383961656565626335336136333333
36303734613163326264323337616230303638633565306564366430633165613932653036306266
34623864383036653165643462303438653062666535663433646434333964396430613839356135
37653763336630376134643663653366623034303136373136386438613235303331306130326162
64623036366433386262386632616531323738353762376337626439613030343535616532363361
35666161333033623833663734373361303735386631333264356632333163663732643138656365
39383465363862613165313535626639346332393739636134336132636566613064613064373165
32306431363933636661363631656238393037366536333562653765356430333731343039613533
35653439393832303861663635643365333337373861333836646264653438636438396165333261
61393837393839336239623134636335346566326139333537636139316636653566613761636338
32363131396362633462333338653538316138663938613235323831373734353032393966383237
33323266353137343062666637646363303233393665303230366139633232306530343839643930
30653266643733626265383531633964396261313231636536313766303062343030353130633639
39316566326437303066613261303031643437333965313266343964663734623837343966363161
38333239373066313532353334303737613137336235323634653365646232626166323832613030
63666636646463653934303734333661363864666639623663363037313866633264626161646265
38633234323834343439376364383461653639316432343963353363336436386466393234333766
63353130616139623034396633386362616438373636313566613537313262363031343035613233
63616237326232376466393264633664333931303534346366313837383834363630643438333037
31363962383833393166306564383838316563306238396533623831353436633061623530303566
36313939666366303139383430303533633838343138313037653136313837366365316561353665
35616365383537383337656262336331613237336662366338666134633533663234316161313363
61333266313630623634666565363731366165626462616638303532373633346439613763326362
66623634396564363466343839393031633039303465653561383933323333623330626365366565
33663630346365653434636639653930643432303732396637323162343137643434626533626532
32353638386264633830626265653761313938643666363238646262663030613065353438326536
65353332323431663765663135313363313938353634343363313730346562396537353430313037
63363831396430326565306465373331326532653437383332393966623832633064393730663336
33386631386265353638643736616232636432306332633966306466363965666430663437393034
65353132366631366634356464653065656635616464656433343265336533346636383538316530
39653666346633353136636632383133626536653165346330393036623534326237623732616562
30303864343639316530616338333838393561613730666134383763646236636566396332643531
62613834346237353730393036313966303433323564643863633865386439323535313432613265
65613031316531623236633232633862613331333336346338636139343761353239346431356135
33643138323364393937643737323037306530666631366631346135356139643335376265633261
31353531386539373264333765323632616261326261396336323263643263393635653137653133
32653132393034393635363864303835383561366465653135656263306236303266323633356431
30653935613233353963646164653334336331336563643732653432303935646636343038356465
32313030366338626438623033636435633239616336333633636131343863343539306535306333
38303362383962393139353439326165653338636134623038306330626564383134666262363161
34663730386163643562396232613564396363366436333733313237643830336237353466323766
65313361656434343162373639313032393330353931303231323330383362373363323839643933
30373634353936383631353933373036346265383731353236653539396465313831626230643931
35383531646164623133346163393737336237396137636162646436396639333063613861303863
31363636393439333739373838646131656166626132333463636434633933343339623563366330
36376233656431393635393035363539376132306632653763353161613931663536623837303763
32343332663161363235623231333333363539646139643130376134313765326465616138616465
62343366393633626234626234373433336330343033396539386563336434343336653839306363
34663961366337623562646433316262363136363866623266636236663763346331623165666535
36646466363034343436366538666231333631613230373066303031386366383866663361633538
64396431653333663539336561323233303431343031363465326530626261643133353563623337
32613334356164316130336630353534343564623334383131313338623065633438336636336263
36613436303162303639393838636433646530393264303833616262333738663039383539386161
61636235656334313364343531393963353165306336633565663730346237353832653035343063
38653263656131303363663034653639653064333161386661353331636634373462666438653561
62613335626136376362343964376432653036613430373563303062363064336632363736363031
30633638346439323733373865663137666633363437616135636631313738323263366538386339
30646538353234616466393339313961393339336662353064363764333662616634323862346662
37653136303737636161366365316162646264653563666132623431306664323664323130333864
37663731323963376530663762303232333335643332373034303633623032643361646662346462
39613739326339363365343535653665643063623861353433653334626234616565303230333833
61393736383937653634383832313433383834623731356463373939653537626230653232336537
39313939373732643264633333656633336133666639323166383565356333336165313263333866
32656137333163613534346630333865306132653766623537353861323636633930363538653436
35346662323631663039303238313464323236316230646263366639333732623033343237303931
34336264653531663634376133626335376463623533616663343738303466393739626632633535
33656232636164653732323336663539633630643863356230373134356331323063633831396530
63626231366431373235396436323261626536376534373262643036393566613633313365303361
38626230386338623663633862613966663439326666663564356132333566376634643730323339
61386137613134333730666566336633323231623834663531356164383534616439656433383162
38663665343166393462323933623238643137653132366536633032366632653939613165663064
34636532633562623638333464653737636134303236333438393737333332643862666130623135
35663236613033343735653166626633346134343738653566613362656133393137336237306138
35663434623536363131363338323332643334376531666236623334396262373333663334366635
66363064313938373438323336396563653933326364656339363961383762636665636537366633
36333464366165613230626237333932656163336463636661303434656537383566626363383932
65376666353161376564366464633831386530653138373336663135663731386662633461306636
35366164343764343133313865666661346636356565323133386165386663623061393862336465
63333934373163633564653031613234356163643534616464626363393230643362663965303630
38653134393030303264396465353730636361313636636561396363343065663131346436643134
37353664353131313732356331336133323735323839663633666331336664393563623866663664
31636138636463633035666530383031383338393361373761376134333435316237663838316230
35373836653433613263633934613766323666626134316434663036353536323466363534393434
62383864316564343362353234656138346363353833373161633161383262376539663737653737
62626564653837326261666362333266383261376138653766643161353463386530313536616136
37326137633765633337626531636662323165336533373530386639663837303739316634303433
39663965323332313934653234363461623439666431336231306233373363383864626630326366
36376262316663306135373038386433316232313333376632333166386466343639303265356331
62626137316138313766393861623764393337316465623063303839316462633634653734376631
39316438343835636535366461636665333061366335386164626631393465343736323362383839
33343836633337383336343165666363376264333038336639343262643237646363376539623632
34313065303361336539373266373137323133623237366562626538313832623439323830393766
31376466626561323666366130646632353037363461613930656666636438613162633063376565
34646439653032633364643139393333333335393538613532366364373962373335653233653434
39323161633738633662633638346339383661623839333938643536666564316632363462323364
36646630393365313737666638326164313537373563653635643435303361616231393633356636
30643636376663383765626462346462303930623335613861353731626438313634373335383238
65396561616131386362653363396535363862336430313334386331396339386534326564326437
62363638623763306166376330303335643531643630396662303734386131376361363532326537
34626236333061343432326166316439613439313438316134383066656235303231613034373436
63363134323135306365366163383837633036643534616366303735316566346462643064356431
30383230323231306365323137396337383133343662366662616633373232386661643165303464
39623535326137343632303264373635653537383630396139323734323836326431346164646630
36306463616233666536363936303736346432356364316632626362316330393764623162646636
35363838366564343838646239313734363538663331306432613339396431373238333533313065
61383463396431633930316135383737636163303639373735386566623164643832336663636630
37343864366566366330326632343931626436643061316132666566353330333630666163663930
35616662323234346235393265663462313233613733653036616430393266666534646139653936
61636639386333366464326362613266306665373330646534333139636637663430353830336437
62316530346333326439653639616639376531623963303765383238386138663737343736353731
38663534373131653034396637343731386264653131613866656264633638306430656665623062
63373863616133653563626162306231353861333439616164346262333339376164306234336134
64346236653139316331636163303331386664613262656466356635313439663238383436303662
36376466396430613035313738336466366135363938653431636263636232323362383765653965
31663164366134333462386138643965306463346137636161666336643164356632633536346462
35363632376133323235356537616437626662336433653737333364646664313764333061633435
62633333353337386631323739386136663263383563633537323432326539306434343435313036
32343535303062623836613362633630303839326663383238333961356364333534623732663030
65396139343133306131353534633465353133356539363964333233666666323935613830333832
30663166646663386338613638633464363266373039323530323965383837343730383137633434
63356533653463346634343963376139383334323131356264623664393262326131633263613634
33646237386461396235393839623037353865313937646330643839616438303336306631613431
31623830643132616562313361396235373231326431633937326362613736323864663033343665
61376638353461343631336333353162643936363736313961363166633564333339656133653466
30646234346332316630393038616565386665643664616663326534343038373331383430626364
37613765343865303661316464376665613231663039373161376265616230363438303638353330
30326237643862656463646532376566613335636566393139613961316439646432326633316238
39313936343965343165356534353934376639316139626535663633653964383339363466383236
35343632323538616235663832633666353937316434623161343861326137393336663731323966
38393065323535666237626365343134356664663663326461643039326466653161356464323232
61346263343639666435306433313635306634313766383337663364393030646662366231336333
36383233316233306461643937326466353962343133363436393162373732613138353033653865
30393335376132616639333734343663373164303361636334336165633333323434353866653531
32653766643437643261613936376637396638396166316665333962666233326230663365306261
39356365633666643163643430663431313364343135633262313736656239643136
